
	Result of Two Independent Friedmen's Test:
	Groups Included =   C1  C2  C3  C4

	Total Number of Cases = 156
	Number of Groups = 4
	Group Size = 39

		C1	C2	C3	C4
	1	0.8 (0.8)	0.99 (0.99)	0.98 (0.98)	0.98513 (0.98)	
	2	0.97 (0.97)	0.95 (0.95)	0.97 (0.97)	0.9715 (0.97)	
	3	0.53 (0.53)	0.54 (0.54)	0.55 (0.55)	0.52391 (0.52)	
	4	0.87 (0.87)	0.85 (0.85)	0.86 (0.86)	0.85954 (0.85)	
	5	0.76 (0.76)	0.72 (0.72)	0.78 (0.78)	0.75792 (0.75)	
	6	0.78 (0.78)	0.78 (0.78)	0.78 (0.78)	0.78497 (0.78)	
	7	0.86 (0.86)	0.83 (0.83)	0.84 (0.84)	0.83457 (0.83)	
	8	0.73 (0.73)	0.7 (0.7)	0.74 (0.74)	0.76334 (0.76)	
	9	0.55 (0.55)	0.42 (0.42)	0.42 (0.42)	0.39135 (0.39)	
	10	0.75 (0.75)	0.76 (0.76)	0.72 (0.72)	0.75686 (0.75)	
	11	0.84 (0.84)	0.64 (0.64)	0.64 (0.64)	0.54475 (0.54)	
	12	0.79 (0.79)	0.77 (0.77)	0.84 (0.84)	0.83207 (0.83)	
	13	0.84 (0.84)	0.79 (0.79)	0.84 (0.84)	0.85116 (0.85)	
	14	0.86 (0.86)	0.85 (0.85)	0.87 (0.87)	0.85226 (0.85)	
	15	0.96 (0.96)	0.99 (0.99)	0.99 (0.99)	0.98913 (0.98)	
	16	0.92 (0.92)	0.91 (0.91)	0.92 (0.92)	0.93348 (0.93)	
	17	0.95 (0.95)	0.94 (0.94)	0.95 (0.95)	0.93707 (0.93)	
	18	0.88 (0.88)	0.99 (0.99)	0.89 (0.89)	0.89586 (0.89)	
	19	0.96 (0.96)	0.86 (0.86)	0.95 (0.95)	0.9553 (0.95)	
	20	0.63 (0.63)	0.63 (0.63)	0.64 (0.64)	0.63188 (0.63)	
	21	0.77 (0.77)	0.76 (0.76)	0.84 (0.84)	0.85692 (0.85)	
	22	0.75 (0.75)	0.82 (0.82)	0.75 (0.75)	1.0 (1.0)	
	23	0.63 (0.63)	0.68 (0.68)	0.66 (0.66)	0.65133 (0.65)	
	24	0.96 (0.96)	0.99 (0.99)	0.96 (0.96)	0.97361 (0.97)	
	25	0.9 (0.9)	0.96 (0.96)	0.9 (0.9)	0.92599 (0.92)	
	26	0.94 (0.94)	0.96 (0.96)	0.94 (0.94)	0.96552 (0.96)	
	27	0.93 (0.93)	0.86 (0.86)	0.91 (0.91)	0.9793 (0.97)	
	28	0.89 (0.89)	0.88 (0.88)	0.89 (0.89)	0.64978 (0.64)	
	29	0.93 (0.93)	0.95 (0.95)	0.93 (0.93)	0.9632 (0.96)	
	30	0.85 (0.85)	0.9 (0.9)	0.89 (0.89)	0.87756 (0.87)	
	31	0.81 (0.81)	0.89 (0.89)	0.9 (0.9)	0.86098 (0.86)	
	32	0.94 (0.94)	0.98 (0.98)	0.97 (0.97)	0.94772 (0.94)	
	33	0.86 (0.86)	0.78 (0.78)	0.85 (0.85)	0.85749 (0.85)	
	34	0.55 (0.55)	0.47 (0.47)	0.55 (0.55)	0.43817 (0.43)	
	35	0.81 (0.81)	0.76 (0.76)	0.81 (0.81)	0.86148 (0.86)	
	36	0.67 (0.67)	0.71 (0.71)	0.74 (0.74)	0.74003 (0.74)	
	37	0.99 (0.99)	0.95 (0.95)	0.99 (0.99)	0.98317 (0.98)	
	38	0.6 (0.6)	0.6 (0.6)	0.59 (0.59)	0.59577 (0.59)	
	39	0.93 (0.93)	0.95 (0.95)	0.97 (0.97)	0.96513 (0.96)	
	Average	2.32	2.24	2.71	2.71	


	Grand Average = 2.500
	Degrees of Freedom = 3
	Sum of Squares = .193
	Chi-Square Statistics = 4.515
	P-Value = .211
