
		C1	C2	C3	C4
	1	0.7 (0.7)	0.99 (0.99)	0.98 (0.98)	0.98513 (0.98)	
	2	0.97 (0.97)	0.95 (0.95)	0.97 (0.97)	0.97148 (0.97)	
	3	0.52 (0.52)	0.53 (0.53)	0.53 (0.53)	0.52359 (0.52)	
	4	0.86 (0.86)	0.84 (0.84)	0.86 (0.86)	0.85941 (0.85)	
	5	0.76 (0.76)	0.71 (0.71)	0.76 (0.76)	0.75764 (0.75)	
	6	0.78 (0.78)	0.77 (0.77)	0.78 (0.78)	0.78462 (0.78)	
	7	0.85 (0.85)	0.83 (0.83)	0.84 (0.84)	0.83457 (0.83)	
	8	0.69 (0.69)	0.69 (0.69)	0.74 (0.74)	0.76278 (0.76)	
	9	0.5 (0.5)	0.39 (0.39)	0.38 (0.38)	0.38982 (0.38)	
	10	0.75 (0.75)	0.76 (0.76)	0.72 (0.72)	0.75362 (0.75)	
	11	0.72 (0.72)	0.62 (0.62)	0.62 (0.62)	0.53987 (0.53)	
	12	0.78 (0.78)	0.76 (0.76)	0.83 (0.83)	0.83188 (0.83)	
	13	0.84 (0.84)	0.79 (0.79)	0.84 (0.84)	0.85101 (0.85)	
	14	0.85 (0.85)	0.84 (0.84)	0.86 (0.86)	0.85177 (0.85)	
	15	0.94 (0.94)	0.99 (0.99)	0.99 (0.99)	0.98913 (0.98)	
	16	0.92 (0.92)	0.9 (0.9)	0.92 (0.92)	0.93339 (0.93)	
	17	0.95 (0.95)	0.94 (0.94)	0.95 (0.95)	0.93687 (0.93)	
	18	0.88 (0.88)	0.99 (0.99)	0.88 (0.88)	0.89585 (0.89)	
	19	0.94 (0.94)	0.85 (0.85)	0.94 (0.94)	0.95451 (0.95)	
	20	0.63 (0.63)	0.63 (0.63)	0.63 (0.63)	0.63188 (0.63)	
	21	0.72 (0.72)	0.75 (0.75)	0.83 (0.83)	0.85651 (0.85)	
	22	0.75 (0.75)	0.82 (0.82)	0.75 (0.75)	1.0 (1.0)	
	23	0.62 (0.62)	0.67 (0.67)	0.66 (0.66)	0.64991 (0.64)	
	24	0.96 (0.96)	0.99 (0.99)	0.96 (0.96)	0.97345 (0.97)	
	25	0.9 (0.9)	0.96 (0.96)	0.9 (0.9)	0.92598 (0.92)	
	26	0.94 (0.94)	0.96 (0.96)	0.94 (0.94)	0.96552 (0.96)	
	27	0.9 (0.9)	0.85 (0.85)	0.9 (0.9)	0.9793 (0.97)	
	28	0.88 (0.88)	0.88 (0.88)	0.89 (0.89)	0.64711 (0.64)	
	29	0.93 (0.93)	0.95 (0.95)	0.93 (0.93)	0.9632 (0.96)	
	30	0.83 (0.83)	0.9 (0.9)	0.89 (0.89)	0.87695 (0.87)	
	31	0.77 (0.77)	0.89 (0.89)	0.89 (0.89)	0.85987 (0.85)	
	32	0.92 (0.92)	0.98 (0.98)	0.97 (0.97)	0.93545 (0.93)	
	33	0.85 (0.85)	0.77 (0.77)	0.85 (0.85)	0.85662 (0.85)	
	34	0.5 (0.5)	0.47 (0.47)	0.46 (0.46)	0.43462 (0.43)	
	35	0.81 (0.81)	0.75 (0.75)	0.81 (0.81)	0.86142 (0.86)	
	36	0.56 (0.56)	0.71 (0.71)	0.73 (0.73)	0.73716 (0.73)	
	37	0.99 (0.99)	0.94 (0.94)	0.99 (0.99)	0.98317 (0.98)	
	38	0.6 (0.6)	0.59 (0.59)	0.59 (0.59)	0.59576 (0.59)	
	39	0.91 (0.91)	0.95 (0.95)	0.97 (0.97)	0.96498 (0.96)	
	Average	2.17	2.29	2.60	2.92	


	Grand Average = 2.500
	Degrees of Freedom = 3
	Sum of Squares = .334
	Chi-Square Statistics = 7.823
	P-Value = .050
